100 100
90 19
88 75
61 98
64 77
45 27
42 79
49 93
37 49
54 73
67 30
2 72
69 15
67 91
10 30
96 63
13 86
82 2
61 96
52 77
73 97
57 67
28 6
60 65
56 14
90 75
44 45
99 66
60 66
9 23
48 5
86 62
43 21
16 56
17 68
86 90
17 43
10 45
49 70
62 57
37 4
85 33
49 84
99 62
3 60
37 51
17 23
65 60
69 65
1 55
8 18
98 18
15 99
88 77
9 77
82 46
11 83
82 62
97 85
23 34
89 92
10 54
5 6
88 74
72 41
81 32
60 31
50 75
30 90
5 91
68 87
37 79
22 72
41 20
9 16
6 98
5 66
75 45
40 99
86 21
31 98
52 81
26 34
23 31
78 91
70 67
22 92
39 16
64 49
84 71
99 45
39 56
11 14
1 51
13 40
24 96
38 28
29 16
63 53
47 41
44 69
