100 100
46 85
68 40
25 40
72 76
1 64
58 24
93 39
2 41
64 75
1 95
15 42
38 58
73 47
85 37
68 98
54 14
36 74
6 61
15 78
90 68
94 48
92 87
88 47
81 52
22 82
99 89
48 97
36 85
86 4
35 41
71 71
67 77
33 82
8 23
50 2
23 95
90 11
42 71
15 16
53 66
6 77
4 6
26 40
91 13
97 26
6 68
98 73
45 83
56 5
6 58
8 29
53 98
93 47
21 60
16 74
27 22
3 83
80 81
23 71
94 72
49 52
40 47
26 38
30 34
43 88
44 51
70 98
1 15
45 22
27 13
48 54
35 3
89 15
85 13
38 31
37 88
84 78
87 62
68 70
10 92
15 32
47 88
43 27
1 43
33 89
47 23
56 84
15 25
35 51
3 74
13 71
44 13
35 7
6 50
39 48
70 39
88 13
66 42
57 99
31 56
