100 100
1 83
74 26
63 37
25 63
28 85
44 54
14 64
3 14
1 49
17 4
68 79
73 18
20 20
30 73
4 56
99 19
94 24
83 22
61 79
76 75
44 31
42 98
72 43
47 89
47 67
21 72
86 95
54 6
16 37
31 72
93 31
91 39
7 26
61 69
6 90
96 2
73 38
0 46
33 99
87 32
67 60
5 5
56 11
63 24
0 94
48 46
77 39
85 85
66 99
6 24
41 2
26 14
93 78
12 26
77 52
11 96
64 16
1 20
79 64
96 80
11 44
26 88
84 63
25 2
62 83
26 55
38 4
70 31
82 34
9 59
86 20
56 51
36 9
23 68
26 20
48 37
64 26
77 0
89 55
54 4
38 32
59 76
36 81
59 18
16 69
78 2
89 86
5 78
95 29
46 73
1 46
62 65
72 40
18 13
47 24
69 85
57 29
62 93
10 21
12 78
