100 100
75 65
10 72
76 32
20 49
73 81
26 48
60 98
10 20
20 26
28 86
14 5
79 73
31 60
83 73
52 67
46 27
84 8
99 61
40 71
10 65
53 37
13 65
35 23
37 7
1 65
93 15
22 73
88 53
85 23
27 89
42 73
16 27
33 68
88 73
39 50
90 44
87 3
61 74
78 98
33 79
63 27
94 86
52 34
91 89
58 18
78 52
43 46
79 76
14 19
1 6
70 91
50 9
46 12
36 24
62 69
3 78
96 97
16 0
32 7
89 42
26 67
94 21
14 26
98 80
45 51
86 67
95 37
77 41
18 63
34 21
41 83
71 57
35 55
65 25
97 43
44 43
64 10
69 14
91 15
18 77
34 65
66 63
6 19
28 76
83 15
50 76
98 21
34 85
76 51
10 25
46 7
68 10
17 90
25 8
57 95
38 91
60 56
55 18
76 35
95 11
