100 100
41 85
12 65
8 85
86 43
2 78
5 93
42 16
0 92
23 44
51 70
89 11
20 28
57 75
55 50
12 19
16 21
56 54
16 59
85 52
34 42
97 76
59 98
4 87
94 93
98 66
73 8
41 28
58 6
99 74
79 56
81 95
15 66
99 1
8 97
29 67
47 50
2 93
80 16
52 79
35 77
87 28
6 97
34 5
24 65
13 5
13 28
71 12
81 79
61 11
99 8
61 1
2 36
59 34
4 63
13 39
41 52
68 99
50 54
56 74
20 70
31 33
97 32
33 59
95 84
19 56
85 73
44 97
8 49
12 21
88 5
26 56
56 76
11 13
2 83
35 33
16 85
87 65
69 72
24 16
57 44
25 94
69 69
43 77
18 56
51 7
13 29
63 70
5 26
35 59
9 70
44 77
7 83
43 29
55 67
45 12
59 33
92 2
62 10
58 65
17 24
