100 100
77 99
99 71
25 43
86 97
0 53
15 21
31 26
65 20
78 46
70 36
88 4
61 92
57 30
13 34
30 12
6 55
7 44
53 8
97 20
29 80
98 47
0 77
13 1
86 1
5 35
37 66
80 95
48 93
29 78
58 87
83 91
25 33
63 7
13 61
6 66
90 51
88 3
4 26
56 9
62 46
27 94
41 75
87 22
10 44
63 93
87 40
26 50
47 92
58 54
56 98
9 60
25 18
21 39
64 0
85 5
76 72
79 34
70 89
30 85
35 17
25 13
19 25
5 34
30 15
88 39
14 50
51 91
20 73
82 36
73 67
93 1
91 72
87 13
62 17
50 49
34 76
62 5
53 20
40 83
35 80
22 1
82 74
99 26
38 24
45 31
26 37
56 65
2 18
83 53
19 69
81 81
75 34
1 67
69 37
90 30
18 35
84 17
13 75
41 59
58 19
