100 100
96 44
42 49
11 93
82 21
77 13
47 81
96 47
55 94
0 98
65 97
5 38
97 62
34 37
55 83
53 52
80 47
17 70
0 16
3 97
63 10
43 16
9 8
65 66
80 39
10 14
29 17
49 34
69 81
33 23
77 26
58 94
49 59
10 52
8 26
63 51
42 24
11 7
90 10
22 70
2 84
36 31
1 85
19 50
46 96
77 4
90 26
15 52
30 75
78 93
78 72
80 7
0 54
29 54
38 65
85 39
3 54
62 22
5 8
18 34
60 32
64 90
8 43
36 86
15 53
76 47
1 42
83 39
60 21
31 63
27 45
85 32
66 71
67 78
55 31
21 63
74 9
2 42
62 30
41 27
11 95
22 47
86 82
20 17
45 47
15 82
80 21
89 98
44 56
29 99
87 2
15 14
11 69
8 73
99 49
53 11
44 75
58 83
9 78
52 6
25 67
