100 100
15 74
65 7
30 53
20 78
42 52
56 63
58 89
37 15
9 40
46 99
45 80
31 25
99 94
64 63
49 9
40 64
83 57
23 66
10 95
96 4
47 53
19 5
94 9
20 3
49 19
51 86
19 2
81 36
65 82
45 57
66 21
98 77
16 95
81 15
72 94
62 45
98 11
16 5
70 76
65 87
58 10
97 8
42 63
81 41
92 49
36 26
64 36
79 89
82 41
34 32
4 50
37 61
42 39
57 7
79 68
69 76
76 12
91 58
53 84
7 89
10 24
65 59
82 51
92 38
1 81
99 22
14 42
14 72
1 93
92 71
21 68
83 64
78 36
48 38
77 10
14 54
51 79
65 85
30 9
23 83
43 75
57 57
69 71
81 70
64 73
93 37
94 76
2 24
64 2
14 41
65 80
47 16
59 65
26 77
76 69
27 73
5 60
44 22
86 89
11 80
